1 1 1 1 1 1 1 1 1 1 1 1 1 1 1 1 1 1 1 1 1 1 1 1 1 
1 0 0 0 0 0 0 0 0 0 0 0 0 0 0 0 0 0 0 0 0 0 0 0 1 
1 0 2 2 2 2 2 2 2 2 2 2 2 2 2 2 2 2 2 2 2 2 2 0 1 
1 0 2 2 2 2 2 2 2 2 2 2 2 2 2 2 2 2 2 2 2 2 2 0 1 
1 0 2 2 2 2 2 2 2 2 2 2 2 2 2 2 2 2 2 2 2 2 2 0 1 
1 1 1 1 1 1 1 2 2 2 2 2 2 2 2 2 2 1 1 1 1 1 1 1 1 
1 0 2 2 2 2 2 2 2 2 2 2 2 2 2 2 2 2 2 2 2 2 2 0 1 
1 0 2 2 2 2 2 0 0 0 0 0 0 0 0 0 0 2 2 2 2 2 2 0 1 
1 0 2 2 2 2 2 0 0 0 0 0 0 0 0 0 0 2 2 2 2 2 2 0 1 
1 0 2 2 2 2 2 0 0 0 0 0 0 0 0 0 0 2 2 2 2 2 2 0 1 
1 0 2 2 2 2 2 0 0 0 0 0 0 0 0 0 0 2 2 2 2 2 2 0 1 
1 0 2 2 2 2 2 0 0 0 0 0 0 0 0 0 0 2 2 2 2 2 2 0 1 
1 0 2 2 2 2 2 0 0 0 0 0 0 0 0 0 0 2 2 2 2 2 2 0 1 
1 0 2 2 2 2 2 0 0 0 0 0 0 0 0 0 0 2 2 2 2 2 2 0 1 
1 0 2 2 2 2 2 0 0 0 0 0 0 0 0 0 0 2 2 2 2 2 2 0 1 
1 0 2 2 2 2 2 0 0 0 0 0 0 0 0 0 0 2 2 2 2 2 2 0 1 
1 0 2 2 2 2 2 0 0 0 0 0 0 0 0 0 0 2 2 2 2 2 2 0 1 
1 0 2 2 2 2 2 2 2 2 2 2 2 2 2 2 2 2 2 2 2 2 2 0 1 
1 1 1 1 1 1 1 2 2 2 2 2 2 2 2 2 2 1 1 1 1 1 1 1 1 
1 0 2 2 2 2 2 2 2 2 2 2 2 2 2 2 2 2 2 2 2 2 2 0 1 
1 0 2 2 2 2 2 2 2 2 2 2 2 2 2 2 2 2 2 2 2 2 2 0 1 
1 0 2 2 2 2 2 2 2 2 2 2 2 2 2 2 2 2 2 2 2 2 2 0 1 
1 0 2 2 2 2 2 2 2 2 2 2 2 2 2 2 2 2 2 2 2 2 2 0 1 
1 0 0 0 0 0 0 0 0 0 0 0 0 0 0 0 0 0 0 0 0 0 0 0 1 
1 1 1 1 1 1 1 1 1 1 1 1 1 1 1 1 1 1 1 1 1 1 1 1 1 
319 23 23 1 1 2 5 5 3 20 3 5 20 20 20 11 11 